

=== Predictions on test data ===

 inst#     actual  predicted      error
     1     12.467     29.979     17.512 
     2      3.363      9.193      5.83  
     3      4.81      13.032      8.222 
     4      3.459     10.578      7.119 
     5     41.933     57.605     15.672 
     6     12.812     18.317      5.505 
     7      5.597     12.585      6.988 
     8     10.373     19.516      9.142 
     9     11.088     20.132      9.044 
    10     11.19      20.781      9.591 
    11      3.591     14.878     11.287 
    12     75.012     97.839     22.827 
    13     14.536     26.176     11.64  
    14      3.637     15.908     12.271 
    15      3.726      8.694      4.967 
    16     21.296     29.893      8.597 
    17      3.291      8.978      5.686 
    18      6.238     12.722      6.484 
    19     25.122     35.506     10.384 
    20     36.497     50.815     14.318 
    21     49.671     66.223     16.551 
    22     58.67      70.911     12.241 
    23      5.451     13.433      7.982 
    24      5.774     13.809      8.036 
    25      4.482     15.082     10.6   
    26      4.363     15.753     11.39  
    27      4.475     16.09      11.616 
    28     17.428     27.065      9.637 
    29    106.133    128.328     22.195 
    30      4.346     17.793     13.447 
    31      4.287     18.134     13.847 
    32      9.387     19.175      9.788 
    33     23.4       31.349      7.95  
    34     11.553     19.905      8.352 
    35      6.036     19.517     13.481 
    36     14.257     13.881     -0.376 
    37      8.61      11.456      2.846 
    38     72.692     52.575    -20.116 
    39      3.179     11.635      8.455 
    40      6.445     12.075      5.631 
    41     14.318     17.486      3.167 
    42      3.291     11.931      8.64  
    43     18.023     18.027      0.004 
    44     23.157     19.676     -3.481 
    45      8.549     13.898      5.349 
    46     21.214     20.883     -0.331 
    47     23.044     23.127      0.083 
    48     99.846     91.608     -8.237 
    49      4.016     14.871     10.855 
    50      4.296     15.541     11.245 
    51     24.387     26.836      2.45  
    52     27.322     30.175      2.853 
    53    131.123    129.704     -1.419 
    54     22.404     30.871      8.466 
    55    133.954    133.879     -0.075 
    56      4.388     19.224     14.836 
    57      7.765     20.279     12.514 
    58      8.815     21.009     12.194 
    59      4.919     20.238     15.319 
    60    159.625    180.082     20.457 
    61    159.013    185.28      26.267 
    62      4.505     22.198     17.694 
    63      3.239      8.276      5.037 
    64     63.478     27.214    -36.263 
    65     12.911     13.838      0.927 
    66     72.086     39.655    -32.431 
    67     14.036     15.105      1.069 
    68      3.392     11.633      8.242 
    69      3.527     12.214      8.687 
    70     18.792     18.953      0.161 
    71      9.688     13.533      3.845 
    72     24.192     20.006     -4.185 
    73     19.966     21.817      1.851 
    74      7.505     15.137      7.632 
    75      8.649     15.816      7.167 
    76     23.21      25.1        1.89  
    77      4.032     16.425     12.394 
    78     27.202     27.76       0.558 
    79    126.549    119.959     -6.59  
    80     25.182     29.404      4.222 
    81    133.891    125.081     -8.81  
    82      8.108     19.141     11.033 
    83     24.822     30.939      6.117 
    84     29.887     31.607      1.72  
    85     27.262     32.237      4.975 
    86     28.91      33.65       4.74  
    87      4.602     19.773     15.171 
    88      4.87      20.446     15.576 
    89     34.017     36.18       2.163 
    90    167.524    172.162      4.638 
    91      8.682     22.533     13.85  
    92     11.387     22.894     11.506 
    93     11.157     24.3       13.143 
    94     10.587     24.995     14.407 
    95     10.833     27.012     16.179 
    96     36.154     48.735     12.581 
    97      5.812     26.184     20.372 
    98     42.587     50.179      7.592 
    99     40.297     50.888     10.591 
   100    227.196    273.052     45.856 
   101     11.263     -2.136    -13.399 
   102      3.368     -0.857     -4.226 
   103      5.066      0.122     -4.944 
   104      5.561     -0.873     -6.434 
   105     42.327     13.479    -28.848 
   106     12.622      1.997    -10.625 
   107      5.508     -0.581     -6.089 
   108     10.266      2.462     -7.804 
   109      9.842      2.709     -7.133 
   110      9.886      3.011     -6.876 
   111      3.735     -0.225     -3.96  
   112     56.652     40.253    -16.398 
   113     12.25       5.479     -6.771 
   114      3.838     -0.018     -3.855 
   115      3.503     -1.005     -4.508 
   116     16.476     -5.815    -22.291 
   117      3.263     -0.967     -4.23  
   118      5.405     -0.51      -5.915 
   119     19.847     -3.58     -23.427 
   120     27.621      4.22     -23.401 
   121     39.13      14.532    -24.598 
   122     39.288     16.214    -23.074 
   123      5.411     -0.722     -6.133 
   124      5.366     -0.661     -6.026 
   125      4.779     -0.314     -5.093 
   126      4.673     -0.172     -4.845 
   127      4.821     -0.097     -4.918 
   128     19.1        4.816    -14.284 
   129     79.328     51.85     -27.479 
   130      4.521      0.312     -4.209 
   131      4.587      0.401     -4.186 
   132      7.486      0.453     -7.033 
   133     17.284      6.714    -10.571 
   134      7.604      0.664     -6.939 
   135      7.412      0.777     -6.635 
   136     12.965     -0.807    -13.772 
   137      6.773     -1.133     -7.906 
   138     54.638     -2.013    -56.651 
   139      3.294     -0.83      -4.124 
   140      6.534     -1.068     -7.602 
   141     12.608      0.183    -12.425 
   142      3.332     -0.792     -4.125 
   143     12.483      0.279    -12.204 
   144     14.959      0.877    -14.083 
   145      7.393     -0.822     -8.216 
   146     14.029      1.405    -12.624 
   147     16.708      2.258    -14.45  
   148     80.294     19.845    -60.449 
   149      4.194     -0.337     -4.531 
   150      4.601     -0.218     -4.819 
   151     17.492      3.748    -13.745 
   152     27.946      4.9      -23.046 
   153    104.783     38.107    -66.676 
   154     18.659      5.15     -13.509 
   155    100.611     39.626    -60.985 
   156      4.437      0.693     -3.744 
   157      8.528      0.458     -8.07  
   158     10.407      0.638     -9.769 
   159      5.547      0.997     -4.55  
   160    118.802     65.233    -53.568 
   161    116.554     69.979    -46.575 
   162      4.678      1.658     -3.02  
   163      3.198     -0.886     -4.084 
   164     51.55     -14.291    -65.84  
   165     11.546     -1.139    -12.684 
   166     61.96     -10.852    -72.812 
   167     14.943     -0.92     -15.863 
   168      3.294     -0.831     -4.125 
   169      4.136     -0.765     -4.901 
   170     15.794      0.242    -15.552 
   171      7.786     -0.992     -8.778 
   172     17.675      0.557    -17.118 
   173     14.842      1.359    -13.483 
   174      7.204     -0.695     -7.899 
   175      8.051     -0.539     -8.59  
   176     19.37       2.852    -16.519 
   177      4.17      -0.002     -4.173 
   178     21.94       3.787    -18.153 
   179     99.443     32.227    -67.216 
   180     22.653      4.631    -18.022 
   181    105.006     36.394    -68.612 
   182      7.52       0.206     -7.315 
   183     20.542      5.505    -15.037 
   184     24.217      5.892    -18.325 
   185     24.613      6.166    -18.447 
   186     26.639      6.723    -19.916 
   187      5.14       0.854     -4.285 
   188      6.012      1.062     -4.95  
   189     28.311      7.87     -20.44  
   190    131.814     65.325    -66.49  
   191      7.963      1.177     -6.786 
   192     11.783      1.299    -10.484 
   193     10.212      1.771     -8.441 
   194      9.924      2.057     -7.867 
   195     11.821      3.116     -8.705 
   196     32.764     16.271    -16.493 
   197      5.316      3.516     -1.8   
   198     33.253     17.558    -15.695 
   199     29.795     18.206    -11.588 
   200    170.73     143.56     -27.17  
   201      9.262      5.419     -3.843 
   202      3.428      4.774      1.346 
   203      4.673      6.404      1.731 
   204      5.4        4.994     -0.405 
   205     33.255     15.882    -17.372 
   206     12.037      8.434     -3.604 
   207      5.696      5.62      -0.077 
   208      8.748      8.916      0.168 
   209      9.358      9.166     -0.192 
   210     12.445      9.421     -3.024 
   211      3.632      5.91       2.278 
   212     51.928     36.134    -15.793 
   213     11.733     11.669     -0.064 
   214      4.419      6.118      1.699 
   215      3.724      4.73       1.007 
   216     14.906      5.938     -8.968 
   217      3.272      4.674      1.402 
   218      5.232      6.531      1.299 
   219     17.745      7.824     -9.921 
   220     23.837     13.823    -10.015 
   221     31.065     20.729    -10.336 
   222     36.341     23.152    -13.189 
   223      5.329      5.905      0.576 
   224      5.652      5.996      0.344 
   225      4.802      6.001      1.199 
   226      5.626      6.131      0.505 
   227      4.999      6.196      1.197 
   228     16.292     12.356     -3.936 
   229     66.905     55.677    -11.228 
   230      4.801      6.512      1.712 
   231      4.626      6.574      1.948 
   232     10.328      7.214     -3.114 
   233     17.927     14.279     -3.648 
   234      7.932      7.379     -0.553 
   235      5.441      6.827      1.386 
   236     11.697      7.12      -4.577 
   237      6.915      5.434     -1.482 
   238     48.472     14.782    -33.69  
   239      3.307      5.259      1.951 
   240      6.932      5.581     -1.351 
   241     12.875      8.514     -4.36  
   242      3.373      5.323      1.95  
   243     12.529      8.742     -3.787 
   244     15.214      9.399     -5.815 
   245      7.024      6.018     -1.005 
   246     15.047      9.874     -5.172 
   247     15.921     10.811     -5.11  
   248     66.01      34.262    -31.748 
   249      4.176      5.952      1.776 
   250      4.468      6.091      1.622 
   251     18.739     12.41      -6.329 
   252     22.958     13.924     -9.035 
   253     81.222     56.354    -24.868 
   254     16.303     14.246     -2.057 
   255     81.686     58.872    -22.815 
   256      4.735      6.773      2.039 
   257      8.311      7.455     -0.855 
   258      8.542      7.616     -0.925 
   259      7.826      6.956     -0.87  
   260    100.937     88.806    -12.131 
   261     97.312     92.516     -4.796 
   262      4.772      7.326      2.554 
   263      3.185      4.521      1.337 
   264     41.069      5.221    -35.848 
   265     11.283      7.183     -4.1   
   266     47.275      9.403    -37.872 
   267     12.598      7.679     -4.919 
   268      3.356      5.259      1.903 
   269      3.515      5.389      1.874 
   270     15.582      9.177     -6.405 
   271      7.038      5.941     -1.097 
   272     15.154      9.603     -5.551 
   273     15.551     10.318     -5.233 
   274      7.168      6.308     -0.861 
   275      8.031      6.459     -1.572 
   276     14         11.655     -2.345 
   277      6.169      6.253      0.084 
   278     25.034     12.845    -12.189 
   279     84.03      50.422    -33.608 
   280     19.269     13.566     -5.703 
   281     87         53.582    -33.418 
   282     11.036      7.206     -3.83  
   283     27.487     14.236    -13.251 
   284     23.004     14.535     -8.469 
   285     26.081     14.828    -11.253 
   286     23.035     15.504     -7.53  
   287      7.061      6.872     -0.188 
   288      7.136      6.994     -0.142 
   289     25.798     16.737     -9.061 
   290    103.819     83.865    -19.953 
   291      8.315      7.966     -0.348 
   292      8.458      8.052     -0.406 
   293      8.626      8.401     -0.224 
   294     11.21       8.588     -2.622 
   295     13.466      9.207     -4.258 
   296     26.345     23.589     -2.757 
   297      6.29       8.283      1.992 
   298     31.206     24.473     -6.733 
   299     31.031     24.918     -6.112 
   300    131.63     159.647     28.017 
   301      8.37      23.05      14.68  
   302      3.254      9.869      6.615 
   303      4.719     13.019      8.3   
   304      4.997     10.856      5.859 
   305     32.653     30.354     -2.299 
   306      8.851     16.233      7.382 
   307      5.387     12.464      7.078 
   308      9.135     16.95       7.815 
   309      9.43      17.316      7.886 
   310      9         17.654      8.654 
   311      5.697     13.72       8.023 
   312     48.794     44.684     -4.11  
   313     13.831     20.695      6.864 
   314      4.313     14.374     10.061 
   315      3.654      9.816      6.162 
   316     13.96      26.186     12.226 
   317      3.286      9.769      6.483 
   318      5.352     13.698      8.346 
   319     17.939     27.945     10.006 
   320     21.927     32.661     10.734 
   321     27.599     37.041      9.442 
   322     33.695     39.604      5.909 
   323      5.364     13.609      8.245 
   324      5.905     13.902      7.997 
   325      6.859     14.227      7.368 
   326      5.202     14.634      9.432 
   327      5.788     14.836      9.048 
   328     16.075     22.654      6.579 
   329     63.7       65.714      2.014 
   330      9.816     15.822      6.006 
   331      8.465     16.014      7.549 
   332     11.659     17.41       5.751 
   333     20.472     25.283      4.811 
   334     11.285     17.849      6.564 
   335      8.981     16.799      7.818 
   336     11.876     15.151      3.275 
   337      6.725     12.339      5.614 
   338     46.466     37.399     -9.066 
   339      3.317     11.784      8.467 
   340      6.754     12.793      6.038 
   341     12.775     17.557      4.782 
   342      3.369     11.989      8.62  
   343     12.598     17.98       5.382 
   344     13.503     18.998      5.495 
   345      7.139     14.116      6.977 
   346     13.441     19.664      6.223 
   347     15.233     21.078      5.845 
   348     61.339     52.932     -8.406 
   349      4.127     14.018      9.891 
   350      4.605     14.483      9.878 
   351     14.759     23.452      8.693 
   352     17.143     25.754      8.61  
   353     73.414     73.114     -0.301 
   354     15.83      26.234     10.404 
   355     76.352     75.613     -0.74  
   356      4.586     16.636     12.05  
   357      8.143     18.424     10.281 
   358      7.989     18.892     10.902 
   359      5.532     17.179     11.647 
   360     84.422    101.44      17.017 
   361     84.429    103.908     19.48  
   362      4.97      18.22      13.25  
   363      3.218      9.127      5.909 
   364     37.678     29.856     -7.822 
   365     10.61      15.489      4.879 
   366     42.717     34.389     -8.328 
   367     10.985     16.437      5.452 
   368      3.379     11.785      8.406 
   369      3.452     12.21       8.759 
   370     12.78      18.935      6.155 
   371      7.11      14.005      6.895 
   372     14.274     19.631      5.357 
   373     14.373     20.618      6.245 
   374      6.97      15.065      8.095 
   375      7.191     15.479      8.288 
   376     13.128     22.417      9.288 
   377      5.123     14.958      9.835 
   378     14.056     24.249     10.194 
   379     72.455     68.036     -4.419 
   380     19.317     25.21       5.893 
   381     74.689     70.361     -4.328 
   382      7.859     17.672      9.813 
   383     18.548     25.978      7.429 
   384     20.268     26.321      6.053 
   385     19.715     26.723      7.008 
   386     20.376     27.689      7.313 
   387      6.579     16.934     10.354 
   388      5.113     17.29      12.178 
   389     19.974     29.336      9.362 
   390     91.22      95.272      4.051 
   391      7.864     19.723     11.859 
   392      7.984     19.931     11.947 
   393     11.504     20.8        9.296 
   394      9.51      21.2       11.689 
   395      9.106     22.268     13.162 
   396     22.366     36.543     14.177 
   397      5.702     20.227     14.525 
   398     24.549     37.273     12.724 
   399     24.615     37.634     13.019 
   400    118.127    153.565     35.438 
   401      8.121     25.454     17.333 
   402      4.464      3.772     -0.693 
   403      5.986      7.259      1.273 
   404      5.163      4.861     -0.302 
   405     22.678     29.381      6.704 
   406      9.502     10.584      1.081 
   407      7.127      6.859     -0.268 
   408     13.525     11.361     -2.163 
   409     11.085     11.761      0.677 
   410     11.123     12.126      1.003 
   411      6.106      8.734      2.627 
   412     36.492     37.885      1.393 
   413     14.129     15.56       1.431 
   414      5.546      9.742      4.196 
   415      5.69       3.836     -1.853 
   416     11.326     29.342     18.016 
   417      4.375      3.647     -0.728 
   418      7.408      8.158      0.75  
   419     13.169     30.592     17.424 
   420     18.991     33.547     14.556 
   421     21.679     35.724     14.045 
   422     27.281     37.844     10.563 
   423      8.501      8.494     -0.007 
   424     10.048      8.9       -1.149 
   425      6.291      9.531      3.241 
   426      6.055     10.169      4.114 
   427      6.01      10.492      4.482 
   428     20.209     18.123     -2.086 
   429     50.25      55.59       5.34  
   430      6.064     12.138      6.074 
   431      6.07      12.473      6.403 
   432     12.891     14.3        1.409 
   433     19.728     21.287      1.559 
   434     15.469     15.044     -0.424 
   435      6.58      13.888      7.308 
   436     11.661      9.791     -1.87  
   437      9.008      6.87      -2.138 
   438     20.703     39.154     18.452 
   439      4.942      6.053      1.111 
   440      8.821      7.453     -1.368 
   441     13.153     12.397     -0.756 
   442      4.758      6.32       1.562 
   443     13.403     12.88      -0.523 
   444     15.319     14.022     -1.297 
   445     10.29       9.248     -1.042 
   446     17.824     14.765     -3.058 
   447     16.834     16.407     -0.427 
   448     30.715     49.543     18.828 
   449      5.544      9.207      3.663 
   450      5.97       9.93       3.96  
   451     21.787     19.223     -2.563 
   452     26.852     22.041     -4.811 
   453     42.06      64.61      22.55  
   454     31.604     22.636     -8.968 
   455     53.404     66.596     13.192 
   456      6.152     13.589      7.437 
   457     16.941     16.039     -0.902 
   458     14.516     16.864      2.348 
   459      6.22      14.604      8.384 
   460     65.57      85.393     19.823 
   461     64.715     86.819     22.105 
   462      6.279     16.66      10.38  
   463      3.89       2.962     -0.929 
   464     17.028     34.472     17.444 
   465     12.438     10.223     -2.215 
   466     21.066     38.062     16.997 
   467     12.99      11.254     -1.736 
   468      4.648      6.055      1.407 
   469      5.224      6.619      1.395 
   470     14.638     14.023     -0.615 
   471     10.364      9.124     -1.24  
   472     16.989     14.818     -2.171 
   473     16.214     15.928     -0.287 
   474     10.65      10.634     -0.016 
   475     11.371     11.246     -0.125 
   476     16.855     17.992      1.137 
   477      5.539     10.688      5.149 
   478     22.522     20.22      -2.302 
   479     47.745     61.103     13.358 
   480     23.469     21.368     -2.101 
   481     45.808     62.416     16.608 
   482     13.5       14.749      1.249 
   483     23.947     22.274     -1.673 
   484     26.729     22.684     -4.045 
   485     23.818     23.179     -0.64  
   486     23.245     24.381      1.135 
   487      6.59      14.14       7.55  
   488      6.297     14.818      8.521 
   489     27.694     26.429     -1.265 
   490     66.857     79.905     13.048 
   491     15.496     18.375      2.879 
   492     17.142     18.76       1.618 
   493     17.22      20.394      3.174 
   494     21.19      21.163     -0.027 
   495     19.059     23.271      4.212 
   496     33.028     35.281      2.253 
   497      6.37      20.972     14.602 
   498     34.783     36.149      1.366 
   499     35.745     36.578      0.833 
   500     94.637    119.135     24.498 

