

=== Predictions on test data ===

 inst#     actual  predicted      error
     1     12.467     25.479     13.012 
     2      3.363      4.076      0.713 
     3      4.81       7.763      2.953 
     4      3.459      4.181      0.722 
     5     41.933     40.336     -1.597 
     6     12.812     11.162     -1.649 
     7      5.597      5.382     -0.216 
     8     10.373     11.958      1.585 
     9     11.088     12.368      1.28  
    10     11.19      12.771      1.582 
    11      3.591      5.924      2.333 
    12     75.012     59.358    -15.654 
    13     14.536     16.325      1.789 
    14      3.637      6.446      2.809 
    15      3.726      4.094      0.368 
    16     21.296     27.691      6.395 
    17      3.291      3.861      0.57  
    18      6.238      8.145      1.908 
    19     25.122     31.207      6.085 
    20     36.497     39.746      3.249 
    21     49.671     47.141     -2.531 
    22     58.67      50.02      -8.65  
    23      5.451      6.112      0.66  
    24      5.774      6.31       0.537 
    25      4.482      6.324      1.841 
    26      4.363      6.657      2.294 
    27      4.475      6.827      2.353 
    28     17.428     18.034      0.607 
    29    106.133     77.1      -29.033 
    30      4.346      7.713      3.368 
    31      4.287      7.895      3.608 
    32      9.387      9.335     -0.052 
    33     23.4       21.029     -2.371 
    34     11.553      9.786     -1.767 
    35      6.036      8.674      2.638 
    36     14.257      9.318     -4.939 
    37      8.61       5.141     -3.469 
    38     72.692     43.598    -29.093 
    39      3.179      4.665      1.486 
    40      6.445      5.418     -1.027 
    41     14.318     11.86      -2.458 
    42      3.291      4.779      1.488 
    43     18.023     12.293     -5.73  
    44     23.157     13.453     -9.704 
    45      8.549      6.352     -2.197 
    46     21.214     14.252     -6.961 
    47     23.044     15.878     -7.166 
    48     99.846     63.262    -36.584 
    49      4.016      6.175      2.158 
    50      4.296      6.552      2.256 
    51     24.387     18.569     -5.818 
    52     27.322     21.108     -6.214 
    53    131.123     81.961    -49.163 
    54     22.404     21.635     -0.77  
    55    133.954     84.03     -49.925 
    56      4.388      8.508      4.12  
    57      7.765     10.128      2.364 
    58      8.815     10.582      1.767 
    59      4.919      9.069      4.15  
    60    159.625    103.707    -55.918 
    61    159.013    105.417    -53.595 
    62      4.505     10.213      5.709 
    63      3.239      3.756      0.517 
    64     63.478     29.372    -34.106 
    65     12.911      9.519     -3.391 
    66     72.086     37.439    -34.647 
    67     14.036     10.47      -3.566 
    68      3.392      4.666      1.274 
    69      3.527      4.913      1.386 
    70     18.792     13.212     -5.58  
    71      9.688      6.194     -3.494 
    72     24.192     13.985    -10.206 
    73     19.966     15.18      -4.786 
    74      7.505      7.043     -0.462 
    75      8.649      7.406     -1.244 
    76     23.21      17.347     -5.863 
    77      4.032      6.952      2.92  
    78     27.202     19.41      -7.792 
    79    126.549     77.653    -48.896 
    80     25.182     20.511     -4.671 
    81    133.891     79.638    -54.253 
    82      8.108      9.419      1.311 
    83     24.822     21.455     -3.367 
    84     29.887     21.875     -8.013 
    85     27.262     22.324     -4.938 
    86     28.91      23.375     -5.535 
    87      4.602      8.812      4.211 
    88      4.87       9.187      4.318 
    89     34.017     25.174     -8.843 
    90    167.524     99.431    -68.093 
    91      8.682     11.495      2.813 
    92     11.387     11.719      0.332 
    93     11.157     12.62       1.463 
    94     10.587     13.06       2.473 
    95     10.833     14.354      3.52  
    96     36.154     32.823     -3.331 
    97      5.812     12.662      6.85  
    98     42.587     33.558     -9.029 
    99     40.297     33.915     -6.382 
   100    227.196    133.762    -93.433 
   101     11.263     21.546     10.283 
   102      3.368      4.743      1.374 
   103      5.066     10.519      5.453 
   104      5.561      4.364     -1.197 
   105     42.327     35.197     -7.131 
   106     12.622     16.039      3.417 
   107      5.508      6.586      1.078 
   108     10.266     17.319      7.052 
   109      9.842     17.974      8.132 
   110      9.886     18.579      8.693 
   111      3.735      5.56       1.825 
   112     56.652     53.755     -2.897 
   113     12.25      24.063     11.813 
   114      3.838      5.909      2.071 
   115      3.503      4.829      1.326 
   116     16.476     24.992      8.517 
   117      3.263      4.164      0.902 
   118      5.405     11.559      6.155 
   119     19.847     28.405      8.558 
   120     27.621     36.633      9.012 
   121     39.13      43.394      4.264 
   122     39.288     46.638      7.351 
   123      5.411      7.671      2.26  
   124      5.366      7.914      2.548 
   125      4.779      5.928      1.149 
   126      4.673      6.146      1.473 
   127      4.821      6.256      1.435 
   128     19.1       27.6        8.5   
   129     79.328     75.243     -4.086 
   130      4.521      6.814      2.293 
   131      4.587      6.926      2.34  
   132      7.486     11.47       3.984 
   133     17.284     32.47      15.185 
   134      7.604     11.946      4.342 
   135      7.412      7.406     -0.006 
   136     12.965     14.105      1.14  
   137      6.773      6.636     -0.137 
   138     54.638     42.514    -12.125 
   139      3.294      4.751      1.458 
   140      6.534      7.009      0.475 
   141     12.608     18.439      5.831 
   142      3.332      4.832      1.5   
   143     12.483     19.222      6.739 
   144     14.959     21.088      6.129 
   145      7.393      8.191      0.798 
   146     14.029     22.31       8.281 
   147     16.708     24.928      8.22  
   148     80.294     62.532    -17.762 
   149      4.194      5.814      1.62  
   150      4.601      6.079      1.478 
   151     17.492     29.277     11.784 
   152     27.946     33.655      5.709 
   153    104.783     83.383    -21.4   
   154     18.659     34.569     15.911 
   155    100.611     85.807    -14.804 
   156      4.437      7.306      2.869 
   157      8.528     12.663      4.135 
   158     10.407     13.198      2.79  
   159      5.547      7.638      2.091 
   160    118.802    108.222    -10.58  
   161    116.554    110.028     -6.526 
   162      4.678      8.308      3.63  
   163      3.198      4.079      0.881 
   164     51.55      28.905    -22.645 
   165     11.546     14.71       3.164 
   166     61.96      37.106    -24.855 
   167     14.943     16.425      1.482 
   168      3.294      4.753      1.459 
   169      4.136      4.933      0.797 
   170     15.794     21.003      5.209 
   171      7.786      8.12       0.334 
   172     17.675     22.313      4.638 
   173     14.842     24.14       9.298 
   174      7.204      9.125      1.921 
   175      8.051      9.53       1.48  
   176     19.37      27.495      8.125 
   177      4.17       6.32       2.149 
   178     21.94      30.952      9.011 
   179     99.443     78.703    -20.74  
   180     22.653     32.625      9.972 
   181    105.006     80.677    -24.329 
   182      7.52      11.817      4.297 
   183     20.542     34.019     13.477 
   184     24.217     34.635     10.418 
   185     24.613     35.387     10.774 
   186     26.639     37.207     10.567 
   187      5.14       7.487      2.348 
   188      6.012      7.707      1.695 
   189     28.311     40.262     11.952 
   190    131.814    102.772    -29.042 
   191      7.963     14.132      6.17  
   192     11.783     14.376      2.593 
   193     10.212     15.401      5.189 
   194      9.924     15.87       5.946 
   195     11.821     17.101      5.28  
   196     32.764     52.313     19.549 
   197      5.316      9.71       4.394 
   198     33.253     53.329     20.076 
   199     29.795     53.818     24.023 
   200    170.73     142.775    -27.954 
   201      9.262     15.641      6.379 
   202      3.428      5.574      2.145 
   203      4.673      9.7        5.027 
   204      5.4        5.213     -0.187 
   205     33.255     30.307     -2.947 
   206     12.037     14.259      2.221 
   207      5.696      7.328      1.631 
   208      8.748     15.313      6.565 
   209      9.358     15.853      6.495 
   210     12.445     16.35       3.905 
   211      3.632      6.291      2.659 
   212     51.928     50.476     -1.452 
   213     11.733     20.866      9.134 
   214      4.419      6.6        2.182 
   215      3.724      5.692      1.968 
   216     14.906     19.324      4.418 
   217      3.272      5.029      1.757 
   218      5.232     10.62       5.388 
   219     17.745     22.98       5.235 
   220     23.837     31.84       8.002 
   221     31.065     39.186      8.121 
   222     36.341     42.708      6.367 
   223      5.329      8.417      3.088 
   224      5.652      8.644      2.992 
   225      4.802      6.671      1.87  
   226      5.626      6.862      1.236 
   227      4.999      6.958      1.959 
   228     16.292     23.886      7.594 
   229     66.905     74.056      7.151 
   230      4.801      7.439      2.639 
   231      4.626      7.535      2.909 
   232     10.328     11.938      1.61  
   233     17.927     27.896      9.969 
   234      7.932     12.372      4.44  
   235      5.441      7.947      2.506 
   236     11.697     12.736      1.039 
   237      6.915      7.474      0.558 
   238     48.472     38.184    -10.287 
   239      3.307      5.593      2.286 
   240      6.932      7.827      0.895 
   241     12.875     16.323      3.448 
   242      3.373      5.667      2.294 
   243     12.529     16.972      4.443 
   244     15.214     18.519      3.305 
   245      7.024      8.94       1.916 
   246     15.047     19.529      4.482 
   247     15.921     21.7        5.78  
   248     66.01      60.095     -5.915 
   249      4.176      6.563      2.387 
   250      4.468      6.803      2.335 
   251     18.739     25.302      6.563 
   252     22.958     28.917      5.959 
   253     81.222     83.236      2.014 
   254     16.303     29.672     13.369 
   255     81.686     85.954      4.267 
   256      4.735      7.862      3.127 
   257      8.311     13.106      4.795 
   258      8.542     13.604      5.063 
   259      7.826      8.142      0.316 
   260    100.937    111.156     10.218 
   261     97.312    113.153     15.841 
   262      4.772      8.712      3.94  
   263      3.185      4.93       1.745 
   264     41.069     23.462    -17.607 
   265     11.283     13.246      1.962 
   266     47.275     32.314    -14.96  
   267     12.598     14.667      2.069 
   268      3.356      5.594      2.238 
   269      3.515      5.763      2.248 
   270     15.582     18.459      2.877 
   271      7.038      8.898      1.86  
   272     15.154     19.542      4.388 
   273     15.551     21.051      5.5   
   274      7.168      9.83       2.661 
   275      8.031     10.2        2.169 
   276     14         23.812      9.812 
   277      6.169      7.004      0.835 
   278     25.034     26.682      1.648 
   279     84.03      78.029     -6.001 
   280     19.269     28.065      8.795 
   281     87         80.207     -6.793 
   282     11.036     12.316      1.279 
   283     27.487     29.207      1.72  
   284     23.004     29.714      6.71  
   285     26.081     30.333      4.252 
   286     23.035     31.834      8.799 
   287      7.061      8.016      0.955 
   288      7.136      8.202      1.065 
   289     25.798     34.352      8.554 
   290    103.819    104.889      1.07  
   291      8.315     14.448      6.134 
   292      8.458     14.673      6.214 
   293      8.626     15.628      7.003 
   294     11.21      16.061      4.851 
   295     13.466     17.182      3.716 
   296     26.345     44.295     17.949 
   297      6.29       9.92       3.63  
   298     31.206     45.139     13.933 
   299     31.031     45.547     14.517 
   300    131.63     149.889     18.259 
   301      8.37      14.01       5.641 
   302      3.254      6.424      3.17  
   303      4.719      9.63       4.912 
   304      4.997      6.102      1.105 
   305     32.653     26.667     -5.986 
   306      8.851     13.554      4.703 
   307      5.387      8.379      2.993 
   308      9.135     14.47       5.335 
   309      9.43      14.941      5.511 
   310      9         15.38       6.38  
   311      5.697      7.689      1.992 
   312     48.794     44.435     -4.359 
   313     13.831     19.378      5.547 
   314      4.313      8.15       3.836 
   315      3.654      6.535      2.881 
   316     13.96      17.167      3.207 
   317      3.286      5.781      2.494 
   318      5.352     10.409      5.057 
   319     17.939     20.299      2.36  
   320     21.927     27.957      6.03  
   321     27.599     34.404      6.805 
   322     33.695     37.484      3.789 
   323      5.364      9.572      4.208 
   324      5.905      9.857      3.952 
   325      6.859      8.166      1.307 
   326      5.202      8.456      3.254 
   327      5.788      8.604      2.816 
   328     16.075     22.049      5.974 
   329     63.7       65.534      1.834 
   330      9.816      9.362     -0.454 
   331      8.465      9.517      1.053 
   332     11.659     13.727      2.068 
   333     20.472     25.619      5.147 
   334     11.285     14.26       2.975 
   335      8.981     10.187      1.205 
   336     11.876     12.134      0.258 
   337      6.725      8.47       1.745 
   338     46.466     33.366    -13.1   
   339      3.317      6.611      3.294 
   340      6.754      8.866      2.112 
   341     12.775     15.201      2.426 
   342      3.369      6.718      3.349 
   343     12.598     15.754      3.156 
   344     13.503     17.103      3.6   
   345      7.139     10.122      2.983 
   346     13.441     17.993      4.552 
   347     15.233     19.899      4.666 
   348     61.339     52.722     -8.617 
   349      4.127      8.002      3.875 
   350      4.605      8.348      3.743 
   351     14.759     23.136      8.377 
   352     17.143     26.309      9.166 
   353     73.414     73.572      0.158 
   354     15.83      26.973     11.143 
   355     76.352     76.014     -0.338 
   356      4.586     10.045      5.459 
   357      8.143     15.037      6.894 
   358      7.989     15.64       7.651 
   359      5.532     10.52       4.989 
   360     84.422     98.857     14.434 
   361     84.429    100.682     16.254 
   362      4.97      11.504      6.534 
   363      3.218      5.617      2.399 
   364     37.678     20.62     -17.057 
   365     10.61      12.547      1.937 
   366     42.717     28.267    -14.45  
   367     10.985     13.745      2.76  
   368      3.379      6.613      3.234 
   369      3.452      6.849      3.398 
   370     12.78      17.018      4.238 
   371      7.11      10.055      2.946 
   372     14.274     17.952      3.678 
   373     14.373     19.283      4.91  
   374      6.97      11.127      4.157 
   375      7.191     11.561      4.37  
   376     13.128     21.726      8.597 
   377      5.123      8.676      3.552 
   378     14.056     24.247     10.191 
   379     72.455     68.667     -3.788 
   380     19.317     25.558      6.241 
   381     74.689     70.85      -3.839 
   382      7.859     14.092      6.233 
   383     18.548     26.594      8.046 
   384     20.268     27.057      6.789 
   385     19.715     27.607      7.892 
   386     20.376     28.934      8.558 
   387      6.579     10.304      3.724 
   388      5.113     10.621      5.509 
   389     19.974     31.179     11.205 
   390     91.22      93.161      1.941 
   391      7.864     16.712      8.848 
   392      7.984     16.989      9.005 
   393     11.504     18.181      6.677 
   394      9.51      18.734      9.224 
   395      9.106     20.224     11.118 
   396     22.366     40.371     18.006 
   397      5.702     13.662      7.961 
   398     24.549     41.201     16.652 
   399     24.615     41.606     16.991 
   400    118.127    134.541     16.414 
   401      8.121     15.545      7.424 
   402      4.464      7.413      2.948 
   403      5.986     10.099      4.113 
   404      5.163      7.099      1.936 
   405     22.678     25.465      2.787 
   406      9.502     13.681      4.178 
   407      7.127      9.676      2.549 
   408     13.525     14.539      1.014 
   409     11.085     14.983      3.898 
   410     11.123     15.404      4.281 
   411      6.106      9.474      3.368 
   412     36.492     39.766      3.274 
   413     14.129     19.283      5.154 
   414      5.546     10.181      4.635 
   415      5.69       7.496      1.806 
   416     11.326     17.973      6.648 
   417      4.375      6.589      2.213 
   418      7.408     10.752      3.344 
   419     13.169     20.399      7.23  
   420     18.991     45.814     26.823 
   421     21.679     31.57       9.891 
   422     27.281     34.016      6.735 
   423      8.501     11          2.499 
   424     10.048     11.347      1.298 
   425      6.291     10.058      3.767 
   426      6.055     10.511      4.456 
   427      6.01      10.744      4.734 
   428     20.209     21.712      1.503 
   429     50.25      56.759      6.509 
   430      6.064     11.965      5.901 
   431      6.07      12.219      6.149 
   432     12.891     16.242      3.351 
   433     19.728     25.234      5.506 
   434     15.469     16.95       1.481 
   435      6.58      13.319      6.738 
   436     11.661     12.221      0.561 
   437      9.008      9.637      0.629 
   438     20.703     30.574      9.872 
   439      4.942      7.781      2.839 
   440      8.821     10.104      1.283 
   441     13.153     15.013      1.86  
   442      4.758      7.938      3.18  
   443     13.403     15.517      2.114 
   444     15.319     16.787      1.468 
   445     10.29      11.607      1.317 
   446     17.824     17.642     -0.181 
   447     16.834     19.466      2.632 
   448     30.715     46.115     15.399 
   449      5.544      9.827      4.283 
   450      5.97      10.34       4.37  
   451     21.787     22.608      0.821 
   452     26.852     25.683     -1.169 
   453     42.06      63.033     20.974 
   454     31.604     26.331     -5.272 
   455     53.404     65.02      11.616 
   456      6.152     13.083      6.931 
   457     16.941     17.824      0.883 
   458     14.516     18.613      4.097 
   459      6.22      13.886      7.666 
   460     65.57      83.833     18.263 
   461     64.715     85.369     20.655 
   462      6.279     15.563      9.284 
   463      3.89       6.359      2.469 
   464     17.028     20.58       3.552 
   465     12.438     12.561      0.123 
   466     21.066     26.526      5.46  
   467     12.99      13.631      0.64  
   468      4.648      7.783      3.134 
   469      5.224      8.122      2.897 
   470     14.638     16.656      2.018 
   471     10.364     11.486      1.122 
   472     16.989     17.529      0.54  
   473     16.214     18.815      2.6   
   474     10.65      12.81       2.159 
   475     11.371     13.362      1.99  
   476     16.855     21.199      4.344 
   477      5.539     10.883      5.343 
   478     22.522     23.635      1.113 
   479     47.745     59.014     11.269 
   480     23.469     24.952      1.483 
   481     45.808     60.819     15.012 
   482     13.5       16.602      3.101 
   483     23.947     26.013      2.066 
   484     26.729     26.489     -0.24  
   485     23.818     27.035      3.217 
   486     23.245     28.343      5.098 
   487      6.59      13.517      6.927 
   488      6.297     14.057      7.761 
   489     27.694     30.588      2.893 
   490     66.857     79.182     12.325 
   491     15.496     20.096      4.6   
   492     17.142     20.474      3.332 
   493     17.22      22.083      4.863 
   494     21.19      22.852      1.661 
   495     19.059     24.996      5.937 
   496     33.028     40.299      7.272 
   497      6.37      19.31      12.94  
   498     34.783     41.244      6.461 
   499     35.745     41.708      5.963 
   500     94.637    113.961     19.325 

